0.42	-2e-05	120	-0.02	
0.6312	-5.52e-05	91.2	-0.0352	
0.796965	-8.39795e-05	74.5651	-0.0487795	
0.934975	-0.000110285	63.4452	-0.061505	
1.05382	-0.000135206	55.3946	-0.0737006	
1.15847	-0.000159236	49.2575	-0.0855354	
1.25213	-0.000182644	44.4049	-0.0971088	
1.337	-0.000205593	40.4613	-0.108485	
1.41464	-0.00022819	37.187	-0.119706	
1.48625	-0.000250508	34.4213	-0.130803	
1.55273	-0.000272601	32.0516	-0.141798	
1.61477	-0.000294506	29.997	-0.152708	
1.67297	-0.000316254	28.1973	-0.163546	
1.72777	-0.000337869	26.6071	-0.174323	
1.77957	-0.00035937	25.1912	-0.185046	
1.82868	-0.00038077	23.922	-0.195723	
1.87538	-0.000402082	22.7774	-0.206359	
1.9199	-0.000423316	21.7398	-0.216958	
1.96243	-0.000444482	20.7945	-0.227524	
2.00316	-0.000465585	19.9296	-0.238061	
2.04222	-0.000486632	19.1352	-0.248571	
2.07976	-0.000507629	18.4028	-0.259058	
2.11589	-0.00052858	17.7254	-0.269522	
2.15071	-0.000549488	17.097	-0.279966	
2.18432	-0.000570358	16.5123	-0.290392	
2.2168	-0.000591192	15.9669	-0.3008	
2.24822	-0.000611993	15.4569	-0.311193	
2.27866	-0.000632763	14.979	-0.321571	
2.30817	-0.000653505	14.5301	-0.331935	
2.33681	-0.000674221	14.1078	-0.342286	
2.36462	-0.000694912	13.7096	-0.352626	
2.39167	-0.000715579	13.3336	-0.362954	
2.41798	-0.000736225	12.9779	-0.373271	
2.4436	-0.00075685	12.6409	-0.383579	
2.46856	-0.000777455	12.3211	-0.393877	
2.4929	-0.000798042	12.0174	-0.404166	
2.51664	-0.000818612	11.7284	-0.414446	
2.53983	-0.000839165	11.4531	-0.424719	
2.56247	-0.000859702	11.1906	-0.434983	
2.5846	-0.000880224	10.9399	-0.44524	
2.60624	-0.000900731	10.7004	-0.455491	
2.62741	-0.000921225	10.4711	-0.465734	
2.64813	-0.000941705	10.2516	-0.475971	
2.66843	-0.000962172	10.0412	-0.486201	
2.68831	-0.000982627	9.83933	-0.496426	
2.70779	-0.00100307	9.64546	-0.506644	
2.7269	-0.0010235	9.45914	-0.516857	
2.74564	-0.00104392	9.27992	-0.527065	
2.76402	-0.00106433	9.10741	-0.537267	
2.78207	-0.00108473	8.94123	-0.547463	
2.79979	-0.00110512	8.78104	-0.557655	
2.8172	-0.0011255	8.62652	-0.567842	
2.83431	-0.00114587	8.47736	-0.578023	
2.85112	-0.00116622	8.3333	-0.5882	
2.86764	-0.00118657	8.19406	-0.598373	
2.8839	-0.00120691	8.05942	-0.60854	
2.89989	-0.00122724	7.92914	-0.618704	
2.91562	-0.00124757	7.80302	-0.628862	
2.9311	-0.00126788	7.68085	-0.639016	
2.94635	-0.00128818	7.56245	-0.649166	
2.96136	-0.00130848	7.44765	-0.659311	
2.97614	-0.00132876	7.33628	-0.669452	
2.9907	-0.00134904	7.22819	-0.679589	
3.00505	-0.00136931	7.12324	-0.689721	
3.0192	-0.00138957	7.02128	-0.699849	
3.03314	-0.00140982	6.92219	-0.709973	
3.04689	-0.00143006	6.82586	-0.720092	
3.06045	-0.0014503	6.73216	-0.730207	
3.07382	-0.00147052	6.64098	-0.740318	
3.08702	-0.00149074	6.55223	-0.750424	
3.10003	-0.00151095	6.4658	-0.760526	
3.11288	-0.00153115	6.38161	-0.770623	
3.12556	-0.00155134	6.29957	-0.780716	
3.13808	-0.00157152	6.2196	-0.790804	
3.15044	-0.00159169	6.14161	-0.800888	
3.16265	-0.00161186	6.06553	-0.810967	
3.17471	-0.00163201	5.99129	-0.821042	
3.18662	-0.00165215	5.91883	-0.831112	
3.19838	-0.00167229	5.84808	-0.841177	
3.21001	-0.00169241	5.77897	-0.851237	
3.2215	-0.00171253	5.71146	-0.861292	
3.23286	-0.00173263	5.64548	-0.871343	
3.24408	-0.00175273	5.58098	-0.881388	
3.25518	-0.00177282	5.51792	-0.891428	
3.26616	-0.00179289	5.45623	-0.901463	
3.27701	-0.00181295	5.39588	-0.911492	
3.28774	-0.00183301	5.33683	-0.921516	
3.29836	-0.00185305	5.27902	-0.931535	
3.30886	-0.00187308	5.22242	-0.941548	
3.31925	-0.0018931	5.167	-0.951555	
3.32953	-0.00191311	5.1127	-0.961556	
3.3397	-0.00193311	5.05951	-0.971551	
3.34977	-0.00195309	5.00738	-0.981541	
3.35973	-0.00197306	4.95627	-0.991524	
3.36959	-0.00199302	4.90617	-1.0015	
3.37936	-0.00201297	4.85704	-1.01147	
3.38902	-0.00203291	4.80884	-1.02143	
3.39859	-0.00205283	4.76156	-1.03139	
3.40807	-0.00207273	4.71516	-1.04134	
3.41745	-0.00209263	4.66963	-1.05128	
3.42675	-0.00211251	4.62492	-1.06122	
3.43595	-0.00213237	4.58103	-1.07115	
3.44507	-0.00215222	4.53793	-1.08107	
3.45411	-0.00217206	4.49559	-1.09098	
3.46306	-0.00219188	4.454	-1.10089	
3.47192	-0.00221168	4.41313	-1.11079	
3.48071	-0.00223147	4.37296	-1.12068	
3.48942	-0.00225124	4.33348	-1.13056	
3.49804	-0.002271	4.29466	-1.14043	
3.5066	-0.00229073	4.2565	-1.1503	
3.51507	-0.00231045	4.21896	-1.16016	
3.52347	-0.00233016	4.18204	-1.17	
3.5318	-0.00234984	4.14572	-1.17984	
3.54006	-0.00236951	4.10998	-1.18967	
3.54824	-0.00238916	4.07481	-1.19949	
3.55636	-0.00240879	4.04019	-1.2093	
3.5644	-0.0024284	4.00612	-1.2191	
3.57238	-0.00244799	3.97256	-1.22889	
3.58029	-0.00246756	3.93953	-1.23867	
3.58814	-0.00248711	3.90699	-1.24844	
3.59592	-0.00250664	3.87494	-1.2582	
3.60364	-0.00252614	3.84336	-1.26795	
3.6113	-0.00254563	3.81226	-1.27768	
3.61889	-0.00256509	3.7816	-1.28741	
3.62642	-0.00258453	3.75139	-1.29712	
3.6339	-0.00260395	3.72161	-1.30683	
3.64131	-0.00262334	3.69225	-1.31652	
3.64866	-0.00264271	3.6633	-1.32619	
3.65596	-0.00266206	3.63476	-1.33586	
3.6632	-0.00268138	3.60661	-1.34551	
3.67039	-0.00270067	3.57884	-1.35516	
3.67752	-0.00271994	3.55145	-1.36478	
3.6846	-0.00273918	3.52442	-1.3744	
3.69162	-0.0027584	3.49776	-1.384	
3.69859	-0.00277759	3.47144	-1.39359	
3.7055	-0.00279675	3.44547	-1.40316	
3.71237	-0.00281588	3.41984	-1.41272	
3.71918	-0.00283499	3.39453	-1.42227	
3.72595	-0.00285407	3.36954	-1.4318	
3.73266	-0.00287311	3.34487	-1.44131	
3.73933	-0.00289213	3.3205	-1.45082	
3.74594	-0.00291112	3.29644	-1.4603	
3.75251	-0.00293007	3.27267	-1.46977	
3.75904	-0.002949	3.24919	-1.47923	
3.76551	-0.00296789	3.22599	-1.48866	
3.77194	-0.00298675	3.20306	-1.49809	
3.77832	-0.00300558	3.18041	-1.50749	
3.78466	-0.00302437	3.15802	-1.51688	
3.79096	-0.00304313	3.1359	-1.52625	
3.79721	-0.00306185	3.11402	-1.5356	
3.80341	-0.00308055	3.0924	-1.54494	
3.80958	-0.0030992	3.07102	-1.55426	
3.8157	-0.00311782	3.04988	-1.56356	
3.82177	-0.0031364	3.02897	-1.57284	
3.82781	-0.00315495	3.0083	-1.58211	
3.83381	-0.00317346	2.98785	-1.59135	
3.83976	-0.00319193	2.96762	-1.60058	
3.84568	-0.00321036	2.94761	-1.60978	
3.85155	-0.00322875	2.92781	-1.61897	
3.85739	-0.00324711	2.90822	-1.62814	
3.86319	-0.00326542	2.88883	-1.63728	
3.86895	-0.0032837	2.86965	-1.64641	
3.87467	-0.00330193	2.85066	-1.65552	
3.88035	-0.00332012	2.83186	-1.6646	
3.88599	-0.00333827	2.81326	-1.67367	
3.8916	-0.00335638	2.79484	-1.68271	
3.89717	-0.00337444	2.7766	-1.69173	
3.90271	-0.00339246	2.75855	-1.70073	
3.90821	-0.00341044	2.74067	-1.70971	
3.91367	-0.00342837	2.72296	-1.71866	
3.9191	-0.00344625	2.70543	-1.72759	
3.92449	-0.00346409	2.68806	-1.7365	
3.92985	-0.00348189	2.67085	-1.74539	
3.93518	-0.00349964	2.65381	-1.75425	
3.94047	-0.00351734	2.63693	-1.76309	
3.94572	-0.00353499	2.6202	-1.7719	
3.95095	-0.0035526	2.60362	-1.78069	
3.95614	-0.00357015	2.5872	-1.78946	
3.9613	-0.00358766	2.57092	-1.7982	
3.96642	-0.00360512	2.55479	-1.80692	
3.97152	-0.00362253	2.5388	-1.81561	
3.97658	-0.00363989	2.52295	-1.82428	
3.98161	-0.00365719	2.50724	-1.83292	
3.98661	-0.00367445	2.49167	-1.84153	
3.99158	-0.00369165	2.47623	-1.85012	
3.99651	-0.0037088	2.46092	-1.85868	
4.00142	-0.0037259	2.44574	-1.86722	
4.0063	-0.00374295	2.43069	-1.87573	
4.01114	-0.00375994	2.41576	-1.88421	
4.01596	-0.00377687	2.40096	-1.89266	
4.02075	-0.00379376	2.38628	-1.90109	
4.0255	-0.00381058	2.37172	-1.90949	
4.03023	-0.00382735	2.35728	-1.91786	
4.03493	-0.00384407	2.34295	-1.92621	
4.03961	-0.00386073	2.32874	-1.93452	
4.04425	-0.00387733	2.31464	-1.94281	
4.04886	-0.00389388	2.30065	-1.95107	
4.05345	-0.00391036	2.28677	-1.9593	
4.05801	-0.00392679	2.27299	-1.9675	
4.06254	-0.00394316	2.25933	-1.97567	
4.06705	-0.00395947	2.24577	-1.98381	
4.07153	-0.00397572	2.23231	-1.99192	
4.07598	-0.00399192	2.21895	-2	
4.0804	-0.00400805	2.20569	-2.00805	
4.0848	-0.00402412	2.19253	-2.01607	
4.08917	-0.00404013	2.17947	-2.02406	
4.09352	-0.00405608	2.16651	-2.03202	
4.09784	-0.00407197	2.15364	-2.03995	
4.10213	-0.00408779	2.14086	-2.04785	
4.1064	-0.00410356	2.12818	-2.05571	
4.11065	-0.00411926	2.11558	-2.06355	
4.11487	-0.0041349	2.10308	-2.07135	
4.11906	-0.00415047	2.09066	-2.07912	
4.12323	-0.00416598	2.07833	-2.08686	
4.12737	-0.00418143	2.06609	-2.09457	
4.13149	-0.00419681	2.05393	-2.10224	
4.13559	-0.00421213	2.04186	-2.10989	
4.13966	-0.00422738	2.02987	-2.1175	
4.14371	-0.00424257	2.01796	-2.12507	
4.14773	-0.00425769	2.00613	-2.13262	
4.15173	-0.00427275	1.99439	-2.14013	
4.15571	-0.00428774	1.98272	-2.14761	
4.15966	-0.00430266	1.97113	-2.15505	
4.16359	-0.00431752	1.95961	-2.16247	
4.1675	-0.00433231	1.94818	-2.16985	
4.17139	-0.00434704	1.93681	-2.17719	
4.17525	-0.00436169	1.92553	-2.1845	
4.17909	-0.00437628	1.91431	-2.19178	
4.18291	-0.0043908	1.90317	-2.19902	
4.1867	-0.00440525	1.8921	-2.20623	
4.19047	-0.00441964	1.8811	-2.21341	
4.19423	-0.00443396	1.87017	-2.22055	
4.19796	-0.0044482	1.85931	-2.22766	
4.20166	-0.00446238	1.84852	-2.23473	
4.20535	-0.00447649	1.8378	-2.24177	
4.20901	-0.00449053	1.82715	-2.24877	
4.21266	-0.00450451	1.81656	-2.25574	
4.21628	-0.00451841	1.80604	-2.26267	
4.21988	-0.00453224	1.79558	-2.26957	
4.22346	-0.004546	1.78519	-2.27643	
4.22702	-0.0045597	1.77486	-2.28326	
4.23056	-0.00457332	1.76459	-2.29006	
4.23408	-0.00458687	1.75439	-2.29681	
4.23758	-0.00460035	1.74425	-2.30354	
4.24106	-0.00461377	1.73417	-2.31023	
4.24452	-0.00462711	1.72415	-2.31688	
4.24796	-0.00464038	1.71419	-2.3235	
4.25137	-0.00465358	1.70429	-2.33008	
4.25477	-0.00466671	1.69445	-2.33663	
4.25815	-0.00467976	1.68467	-2.34314	
4.26151	-0.00469275	1.67495	-2.34961	
4.26485	-0.00470567	1.66528	-2.35605	
4.26817	-0.00471851	1.65567	-2.36246	
4.27147	-0.00473129	1.64612	-2.36883	
4.27476	-0.00474399	1.63662	-2.37516	
4.27802	-0.00475662	1.62718	-2.38146	
4.28127	-0.00476918	1.61779	-2.38772	
4.28449	-0.00478167	1.60846	-2.39395	
4.2877	-0.00479409	1.59918	-2.40014	
4.29089	-0.00480644	1.58996	-2.4063	
4.29406	-0.00481871	1.58079	-2.41242	
4.29721	-0.00483092	1.57167	-2.4185	
4.30035	-0.00484305	1.5626	-2.42455	
4.30346	-0.00485511	1.55359	-2.43056	
4.30656	-0.0048671	1.54463	-2.43654	
4.30964	-0.00487902	1.53571	-2.44248	
4.3127	-0.00489087	1.52685	-2.44839	
4.31575	-0.00490264	1.51804	-2.45426	
4.31878	-0.00491435	1.50928	-2.46009	
4.32179	-0.00492598	1.50057	-2.46589	
4.32478	-0.00493755	1.4919	-2.47166	
4.32775	-0.00494904	1.48329	-2.47738	
4.33071	-0.00496046	1.47472	-2.48308	
4.33365	-0.00497181	1.46621	-2.48874	
4.33658	-0.00498309	1.45774	-2.49436	
4.33948	-0.0049943	1.44931	-2.49994	
4.34237	-0.00500544	1.44094	-2.5055	
4.34525	-0.00501651	1.43261	-2.51101	
4.3481	-0.00502751	1.42432	-2.5165	
4.35094	-0.00503844	1.41609	-2.52194	
4.35377	-0.0050493	1.40789	-2.52735	
4.35658	-0.00506008	1.39975	-2.53273	
4.35937	-0.0050708	1.39165	-2.53807	
4.36214	-0.00508145	1.38359	-2.54338	
4.3649	-0.00509203	1.37558	-2.54865	
4.36765	-0.00510254	1.36761	-2.55389	
4.37037	-0.00511298	1.35969	-2.55909	
4.37308	-0.00512335	1.35181	-2.56426	
4.37578	-0.00513365	1.34397	-2.56939	
4.37846	-0.00514388	1.33618	-2.57449	
4.38112	-0.00515405	1.32842	-2.57956	
4.38377	-0.00516414	1.32071	-2.58459	
4.38641	-0.00517417	1.31305	-2.58958	
4.38903	-0.00518413	1.30542	-2.59455	
4.39163	-0.00519402	1.29784	-2.59947	
4.39422	-0.00520384	1.2903	-2.60437	
4.39679	-0.0052136	1.2828	-2.60923	
4.39935	-0.00522329	1.27534	-2.61406	
4.40189	-0.00523291	1.26792	-2.61885	
4.40442	-0.00524246	1.26054	-2.62361	
4.40693	-0.00525195	1.2532	-2.62834	
4.40943	-0.00526137	1.24591	-2.63303	
4.41192	-0.00527072	1.23865	-2.63769	
4.41439	-0.00528001	1.23143	-2.64232	
4.41684	-0.00528923	1.22425	-2.64691	
4.41928	-0.00529839	1.21711	-2.65147	
4.42171	-0.00530748	1.21001	-2.656	
4.42412	-0.0053165	1.20294	-2.6605	
4.42652	-0.00532546	1.19592	-2.66496	
4.42891	-0.00533436	1.18893	-2.66939	
4.43128	-0.00534319	1.18198	-2.67379	
4.43364	-0.00535195	1.17507	-2.67816	
4.43598	-0.00536066	1.1682	-2.6825	
4.43831	-0.00536929	1.16136	-2.6868	
4.44062	-0.00537787	1.15456	-2.69107	
4.44293	-0.00538638	1.1478	-2.69531	
4.44522	-0.00539483	1.14108	-2.69952	
4.44749	-0.00540321	1.13439	-2.70369	
4.44975	-0.00541153	1.12774	-2.70784	
4.452	-0.00541979	1.12112	-2.71195	
4.45424	-0.00542799	1.11454	-2.71604	
4.45646	-0.00543613	1.108	-2.72009	
4.45867	-0.0054442	1.10149	-2.72411	
4.46087	-0.00545221	1.09501	-2.7281	
4.46305	-0.00546016	1.08858	-2.73206	
4.46522	-0.00546806	1.08217	-2.73599	
4.46738	-0.00547589	1.07581	-2.73989	
4.46952	-0.00548366	1.06947	-2.74376	
4.47166	-0.00549137	1.06317	-2.7476	
4.47378	-0.00549902	1.05691	-2.75141	
4.47588	-0.00550661	1.05068	-2.75519	
4.47798	-0.00551414	1.04448	-2.75895	
4.48006	-0.00552161	1.03832	-2.76267	
4.48213	-0.00552903	1.03219	-2.76636	
4.48419	-0.00553638	1.0261	-2.77002	
4.48624	-0.00554368	1.02003	-2.77366	
4.48827	-0.00555092	1.014	-2.77727	
4.49029	-0.00555811	1.00801	-2.78084	
4.4923	-0.00556523	1.00205	-2.78439	
4.4943	-0.0055723	0.996115	-2.78791	
4.49629	-0.00557932	0.990217	-2.7914	
4.49826	-0.00558627	0.984351	-2.79487	
4.50022	-0.00559318	0.978518	-2.79831	
4.50218	-0.00560002	0.972716	-2.80172	
4.50412	-0.00560681	0.966946	-2.8051	
4.50604	-0.00561355	0.961208	-2.80845	
4.50796	-0.00562023	0.955502	-2.81178	
4.50987	-0.00562686	0.949827	-2.81508	
4.51176	-0.00563343	0.944183	-2.81835	
4.51364	-0.00563995	0.93857	-2.8216	
4.51551	-0.00564641	0.932988	-2.82482	
4.51737	-0.00565283	0.927437	-2.82801	
4.51922	-0.00565918	0.921917	-2.83118	
4.52106	-0.00566549	0.916427	-2.83432	
4.52289	-0.00567175	0.910967	-2.83743	
4.52471	-0.00567795	0.905537	-2.84052	
4.52651	-0.0056841	0.900138	-2.84358	
4.52831	-0.0056902	0.894768	-2.84662	
4.53009	-0.00569625	0.889428	-2.84963	
4.53186	-0.00570225	0.884118	-2.85262	
4.53363	-0.0057082	0.878837	-2.85558	
4.53538	-0.00571409	0.873586	-2.85851	
4.53712	-0.00571994	0.868364	-2.86143	
4.53885	-0.00572574	0.86317	-2.86431	
4.54057	-0.00573149	0.858006	-2.86718	
4.54228	-0.00573719	0.85287	-2.87001	
4.54399	-0.00574284	0.847763	-2.87283	
4.54568	-0.00574845	0.842684	-2.87562	
4.54736	-0.005754	0.837634	-2.87838	
4.54903	-0.00575951	0.832612	-2.88113	
4.55069	-0.00576497	0.827618	-2.88385	
4.55234	-0.00577039	0.822652	-2.88654	
4.55398	-0.00577575	0.817713	-2.88921	
4.55561	-0.00578108	0.812803	-2.89186	
4.55723	-0.00578635	0.80792	-2.89449	
4.55884	-0.00579158	0.803064	-2.89709	
4.56044	-0.00579676	0.798235	-2.89967	
4.56203	-0.0058019	0.793434	-2.90223	
4.56361	-0.005807	0.788659	-2.90477	
4.56519	-0.00581205	0.783912	-2.90728	
4.56675	-0.00581705	0.779191	-2.90977	
4.5683	-0.00582201	0.774497	-2.91224	
4.56985	-0.00582693	0.769829	-2.91469	
4.57138	-0.00583181	0.765187	-2.91712	
4.57291	-0.00583664	0.760572	-2.91952	
4.57443	-0.00584143	0.755983	-2.92191	
4.57593	-0.00584617	0.751419	-2.92427	
4.57743	-0.00585088	0.746882	-2.92661	
4.57892	-0.00585554	0.74237	-2.92893	
4.5804	-0.00586016	0.737884	-2.93123	
4.58187	-0.00586474	0.733423	-2.93351	
4.58333	-0.00586928	0.728988	-2.93577	
4.58479	-0.00587378	0.724577	-2.93801	
4.58623	-0.00587824	0.720192	-2.94023	
4.58767	-0.00588265	0.715832	-2.94243	
4.5891	-0.00588703	0.711497	-2.94461	
4.59051	-0.00589137	0.707186	-2.94677	
4.59192	-0.00589567	0.7029	-2.94891	
4.59333	-0.00589993	0.698638	-2.95103	
4.59472	-0.00590415	0.694401	-2.95313	
4.5961	-0.00590834	0.690187	-2.95521	
4.59748	-0.00591248	0.685998	-2.95727	
4.59885	-0.00591659	0.681833	-2.95932	
4.60021	-0.00592066	0.677692	-2.96134	
4.60156	-0.0059247	0.673574	-2.96335	
4.6029	-0.00592869	0.669481	-2.96534	
4.60424	-0.00593265	0.66541	-2.96731	
4.60556	-0.00593658	0.661363	-2.96926	
4.60688	-0.00594046	0.657339	-2.9712	
4.60819	-0.00594432	0.653339	-2.97312	
4.6095	-0.00594813	0.649361	-2.97502	
4.61079	-0.00595191	0.645406	-2.9769	
4.61208	-0.00595566	0.641475	-2.97876	
4.61336	-0.00595937	0.637565	-2.98061	
4.61463	-0.00596305	0.633679	-2.98244	
4.61589	-0.00596669	0.629815	-2.98425	
4.61715	-0.0059703	0.625973	-2.98605	
4.61839	-0.00597388	0.622153	-2.98783	
4.61964	-0.00597742	0.618355	-2.98959	
4.62087	-0.00598093	0.61458	-2.99134	
4.62209	-0.0059844	0.610826	-2.99307	
4.62331	-0.00598785	0.607094	-2.99478	
4.62452	-0.00599126	0.603384	-2.99648	
4.62573	-0.00599464	0.599696	-2.99816	
4.62692	-0.00599799	0.596028	-2.99983	
4.62811	-0.0060013	0.592383	-3.00148	
4.62929	-0.00600459	0.588758	-3.00311	
4.63047	-0.00600784	0.585154	-3.00473	
4.63163	-0.00601106	0.581572	-3.00633	
4.63279	-0.00601426	0.57801	-3.00792	
4.63394	-0.00601742	0.57447	-3.0095	
4.63509	-0.00602055	0.570949	-3.01106	
4.63623	-0.00602366	0.56745	-3.0126	
4.63736	-0.00602673	0.563971	-3.01413	
4.63848	-0.00602977	0.560512	-3.01564	
4.6396	-0.00603279	0.557073	-3.01714	
4.64071	-0.00603577	0.553655	-3.01863	
4.64182	-0.00603873	0.550257	-3.0201	
4.64291	-0.00604166	0.546878	-3.02156	
4.644	-0.00604456	0.54352	-3.023	
4.64509	-0.00604744	0.540181	-3.02443	
4.64616	-0.00605028	0.536862	-3.02585	
4.64723	-0.0060531	0.533562	-3.02725	
4.6483	-0.00605589	0.530282	-3.02864	
4.64936	-0.00605866	0.527021	-3.03002	
4.65041	-0.0060614	0.523779	-3.03138	
4.65145	-0.00606411	0.520557	-3.03273	
4.65249	-0.00606679	0.517353	-3.03406	
4.65352	-0.00606945	0.514168	-3.03539	
4.65455	-0.00607208	0.511003	-3.0367	
4.65556	-0.00607469	0.507855	-3.038	
4.65658	-0.00607728	0.504727	-3.03928	
4.65758	-0.00607983	0.501617	-3.04055	
4.65858	-0.00608237	0.498525	-3.04181	
4.65958	-0.00608487	0.495452	-3.04306	
4.66057	-0.00608736	0.492397	-3.0443	
4.66155	-0.00608982	0.48936	-3.04552	
4.66252	-0.00609225	0.486341	-3.04673	
4.66349	-0.00609466	0.48334	-3.04793	
4.66446	-0.00609705	0.480357	-3.04912	
4.66541	-0.00609942	0.477391	-3.0503	
4.66637	-0.00610176	0.474443	-3.05146	
4.66731	-0.00610407	0.471513	-3.05261	
4.66825	-0.00610637	0.4686	-3.05376	
4.66919	-0.00610864	0.465705	-3.05489	
4.67012	-0.00611089	0.462827	-3.05601	
4.67104	-0.00611312	0.459966	-3.05712	
4.67196	-0.00611533	0.457122	-3.05821	
4.67287	-0.00611751	0.454295	-3.0593	
4.67377	-0.00611968	0.451485	-3.06038	
4.67467	-0.00612182	0.448691	-3.06144	
4.67557	-0.00612394	0.445915	-3.0625	
4.67646	-0.00612604	0.443155	-3.06354	
4.67734	-0.00612812	0.440411	-3.06457	
4.67822	-0.00613017	0.437684	-3.0656	
4.67909	-0.00613221	0.434973	-3.06661	
4.67996	-0.00613423	0.432279	-3.06762	
4.68082	-0.00613623	0.4296	-3.06861	
4.68168	-0.0061382	0.426938	-3.06959	
4.68253	-0.00614016	0.424292	-3.07057	
4.68337	-0.0061421	0.421661	-3.07153	
4.68421	-0.00614402	0.419047	-3.07249	
4.68505	-0.00614592	0.416448	-3.07343	
4.68588	-0.0061478	0.413865	-3.07437	
4.6867	-0.00614966	0.411297	-3.07529	
4.68752	-0.0061515	0.408745	-3.07621	
4.68834	-0.00615332	0.406208	-3.07712	
4.68915	-0.00615513	0.403686	-3.07801	
4.68995	-0.00615692	0.40118	-3.0789	
4.69075	-0.00615869	0.398689	-3.07978	
4.69155	-0.00616044	0.396212	-3.08066	
4.69234	-0.00616217	0.393751	-3.08152	
4.69312	-0.00616389	0.391305	-3.08237	
4.6939	-0.00616559	0.388873	-3.08322	
4.69468	-0.00616727	0.386456	-3.08405	
4.69545	-0.00616894	0.384054	-3.08488	
4.69622	-0.00617059	0.381666	-3.0857	
4.69698	-0.00617222	0.379293	-3.08652	
4.69773	-0.00617383	0.376934	-3.08732	
4.69848	-0.00617543	0.374589	-3.08811	
4.69923	-0.00617702	0.372258	-3.0889	
4.69997	-0.00617858	0.369942	-3.08968	
4.70071	-0.00618013	0.36764	-3.09045	
4.70144	-0.00618167	0.365351	-3.09122	
4.70217	-0.00618319	0.363077	-3.09197	
4.7029	-0.00618469	0.360816	-3.09272	
4.70362	-0.00618618	0.358569	-3.09346	
4.70433	-0.00618765	0.356336	-3.09419	
4.70504	-0.00618911	0.354116	-3.09492	
4.70575	-0.00619055	0.35191	-3.09564	
4.70645	-0.00619198	0.349717	-3.09635	
4.70715	-0.0061934	0.347538	-3.09705	
4.70784	-0.0061948	0.345371	-3.09775	
4.70853	-0.00619618	0.343218	-3.09844	
4.70921	-0.00619755	0.341079	-3.09912	
4.70989	-0.00619891	0.338952	-3.09979	
4.71057	-0.00620025	0.336838	-3.10046	
4.71124	-0.00620158	0.334737	-3.10112	
4.71191	-0.0062029	0.332649	-3.10178	
4.71257	-0.0062042	0.330573	-3.10242	
4.71323	-0.00620549	0.32851	-3.10306	
4.71388	-0.00620676	0.32646	-3.1037	
4.71453	-0.00620803	0.324423	-3.10433	
4.71518	-0.00620927	0.322397	-3.10495	
4.71582	-0.00621051	0.320385	-3.10556	
4.71646	-0.00621173	0.318384	-3.10617	
4.7171	-0.00621294	0.316396	-3.10677	
4.71773	-0.00621414	0.31442	-3.10737	
4.71836	-0.00621533	0.312456	-3.10796	
4.71898	-0.0062165	0.310504	-3.10854	
4.7196	-0.00621766	0.308564	-3.10912	
4.72021	-0.00621881	0.306636	-3.10969	
4.72082	-0.00621995	0.304719	-3.11026	
4.72143	-0.00622108	0.302815	-3.11082	
4.72203	-0.00622219	0.300922	-3.11137	
4.72263	-0.00622329	0.29904	-3.11192	
4.72323	-0.00622438	0.297171	-3.11246	
4.72382	-0.00622546	0.295312	-3.113	
4.72441	-0.00622653	0.293466	-3.11353	
4.725	-0.00622759	0.29163	-3.11406	
4.72558	-0.00622864	0.289806	-3.11458	
4.72616	-0.00622967	0.287993	-3.11509	
4.72673	-0.0062307	0.286191	-3.1156	
4.7273	-0.00623171	0.2844	-3.11611	
4.72787	-0.00623271	0.28262	-3.11661	
4.72843	-0.00623371	0.280851	-3.1171	
4.72899	-0.00623469	0.279093	-3.11759	
4.72955	-0.00623566	0.277346	-3.11807	
4.7301	-0.00623662	0.27561	-3.11855	
4.73065	-0.00623758	0.273884	-3.11902	
4.7312	-0.00623852	0.272169	-3.11949	
4.73174	-0.00623945	0.270465	-3.11996	
4.73228	-0.00624037	0.268771	-3.12041	
4.73281	-0.00624128	0.267087	-3.12087	
4.73335	-0.00624219	0.265414	-3.12132	
4.73388	-0.00624308	0.263751	-3.12176	
4.7344	-0.00624397	0.262098	-3.1222	
4.73492	-0.00624484	0.260456	-3.12264	
4.73544	-0.00624571	0.258824	-3.12307	
4.73596	-0.00624656	0.257201	-3.12349	
4.73647	-0.00624741	0.255589	-3.12392	
4.73698	-0.00624825	0.253987	-3.12433	
4.73749	-0.00624908	0.252395	-3.12475	
4.73799	-0.0062499	0.250812	-3.12515	
4.73849	-0.00625071	0.24924	-3.12556	
4.73899	-0.00625152	0.247677	-3.12596	
4.73948	-0.00625231	0.246123	-3.12635	
4.73997	-0.0062531	0.24458	-3.12674	
4.74046	-0.00625388	0.243045	-3.12713	
4.74095	-0.00625465	0.241521	-3.12751	
4.74143	-0.00625541	0.240006	-3.12789	
4.74191	-0.00625616	0.2385	-3.12827	
4.74238	-0.00625691	0.237003	-3.12864	
4.74285	-0.00625765	0.235516	-3.12901	
4.74332	-0.00625838	0.234038	-3.12937	
4.74379	-0.0062591	0.232569	-3.12973	
4.74425	-0.00625981	0.231109	-3.13008	
4.74471	-0.00626052	0.229659	-3.13044	
4.74517	-0.00626122	0.228217	-3.13078	
4.74563	-0.00626191	0.226784	-3.13113	
4.74608	-0.0062626	0.22536	-3.13147	
4.74653	-0.00626328	0.223945	-3.13181	
4.74697	-0.00626395	0.222539	-3.13214	
4.74742	-0.00626461	0.221141	-3.13247	
4.74786	-0.00626527	0.219752	-3.1328	
4.7483	-0.00626592	0.218372	-3.13312	
4.74873	-0.00626656	0.217	-3.13344	
4.74917	-0.0062672	0.215637	-3.13376	
4.7496	-0.00626782	0.214283	-3.13407	
4.75002	-0.00626845	0.212936	-3.13438	
4.75045	-0.00626906	0.211598	-3.13468	
4.75087	-0.00626967	0.210269	-3.13499	
4.75129	-0.00627027	0.208947	-3.13529	
4.7517	-0.00627087	0.207634	-3.13558	
4.75212	-0.00627146	0.206329	-3.13588	
4.75253	-0.00627204	0.205032	-3.13617	
4.75294	-0.00627262	0.203744	-3.13645	
4.75335	-0.00627319	0.202463	-3.13674	
4.75375	-0.00627375	0.20119	-3.13702	
4.75415	-0.00627431	0.199925	-3.1373	
4.75455	-0.00627487	0.198668	-3.13757	
4.75494	-0.00627541	0.197419	-3.13784	
4.75534	-0.00627595	0.196178	-3.13811	
4.75573	-0.00627649	0.194944	-3.13838	
4.75612	-0.00627702	0.193718	-3.13864	
4.7565	-0.00627754	0.1925	-3.1389	
4.75689	-0.00627806	0.191289	-3.13916	
4.75727	-0.00627857	0.190086	-3.13941	
4.75765	-0.00627908	0.18889	-3.13966	
4.75803	-0.00627958	0.187702	-3.13991	
4.7584	-0.00628008	0.186521	-3.14016	
4.75877	-0.00628057	0.185348	-3.1404	
4.75914	-0.00628105	0.184181	-3.14065	
4.75951	-0.00628153	0.183023	-3.14089	
4.75987	-0.00628201	0.181871	-3.14112	
4.76024	-0.00628248	0.180726	-3.14136	
4.7606	-0.00628294	0.179589	-3.14159	
4.76095	-0.0062834	0.178459	-3.14181	
4.76131	-0.00628386	0.177336	-3.14204	
4.76166	-0.00628431	0.176219	-3.14226	
4.76201	-0.00628475	0.17511	-3.14249	
4.76236	-0.00628519	0.174008	-3.1427	
4.76271	-0.00628563	0.172913	-3.14292	
4.76306	-0.00628606	0.171824	-3.14314	
4.7634	-0.00628648	0.170742	-3.14335	
4.76374	-0.0062869	0.169667	-3.14356	
4.76408	-0.00628732	0.168599	-3.14376	
4.76441	-0.00628773	0.167537	-3.14397	
4.76475	-0.00628814	0.166483	-3.14417	
4.76508	-0.00628855	0.165434	-3.14437	
4.76541	-0.00628894	0.164392	-3.14457	
4.76574	-0.00628934	0.163357	-3.14477	
4.76606	-0.00628973	0.162328	-3.14496	
4.76639	-0.00629012	0.161306	-3.14515	
4.76671	-0.0062905	0.16029	-3.14534	
4.76703	-0.00629088	0.15928	-3.14553	
4.76734	-0.00629125	0.158277	-3.14572	
4.76766	-0.00629162	0.15728	-3.1459	
4.76797	-0.00629199	0.156289	-3.14608	
4.76828	-0.00629235	0.155304	-3.14626	
4.76859	-0.00629271	0.154326	-3.14644	
4.7689	-0.00629306	0.153354	-3.14662	
4.76921	-0.00629341	0.152387	-3.14679	
4.76951	-0.00629376	0.151427	-3.14696	
4.76981	-0.0062941	0.150473	-3.14713	
4.77011	-0.00629444	0.149525	-3.1473	
4.77041	-0.00629477	0.148583	-3.14747	
4.77071	-0.0062951	0.147646	-3.14763	
4.771	-0.00629543	0.146716	-3.1478	
4.77129	-0.00629576	0.145791	-3.14796	
4.77158	-0.00629608	0.144872	-3.14812	
4.77187	-0.00629639	0.143959	-3.14828	
4.77216	-0.00629671	0.143052	-3.14843	
4.77245	-0.00629702	0.14215	-3.14859	
4.77273	-0.00629732	0.141254	-3.14874	
4.77301	-0.00629763	0.140364	-3.14889	
4.77329	-0.00629793	0.139479	-3.14904	
4.77357	-0.00629823	0.138599	-3.14919	
4.77384	-0.00629852	0.137726	-3.14933	
4.77412	-0.00629881	0.136857	-3.14948	
4.77439	-0.0062991	0.135994	-3.14962	
4.77466	-0.00629938	0.135137	-3.14976	
4.77493	-0.00629966	0.134285	-3.1499	
4.7752	-0.00629994	0.133438	-3.15004	
4.77547	-0.00630022	0.132597	-3.15018	
4.77573	-0.00630049	0.131761	-3.15031	
4.77599	-0.00630076	0.13093	-3.15044	
4.77625	-0.00630102	0.130104	-3.15058	
4.77651	-0.00630128	0.129283	-3.15071	
4.77677	-0.00630155	0.128468	-3.15084	
4.77703	-0.0063018	0.127658	-3.15097	
4.77728	-0.00630206	0.126853	-3.15109	
4.77753	-0.00630231	0.126053	-3.15122	
4.77779	-0.00630256	0.125258	-3.15134	
4.77804	-0.0063028	0.124467	-3.15146	
4.77828	-0.00630305	0.123682	-3.15158	
4.77853	-0.00630329	0.122902	-3.1517	
4.77878	-0.00630353	0.122127	-3.15182	
4.77902	-0.00630376	0.121356	-3.15194	
4.77926	-0.00630399	0.120591	-3.15206	
4.7795	-0.00630423	0.11983	-3.15217	
4.77974	-0.00630445	0.119074	-3.15228	
4.77998	-0.00630468	0.118323	-3.1524	
4.78021	-0.0063049	0.117576	-3.15251	
4.78045	-0.00630512	0.116834	-3.15262	
4.78068	-0.00630534	0.116097	-3.15272	
4.78091	-0.00630556	0.115365	-3.15283	
4.78114	-0.00630577	0.114637	-3.15294	
4.78137	-0.00630598	0.113913	-3.15304	
4.7816	-0.00630619	0.113195	-3.15315	
4.78182	-0.00630639	0.11248	-3.15325	
4.78205	-0.0063066	0.111771	-3.15335	
4.78227	-0.0063068	0.111065	-3.15345	
4.78249	-0.006307	0.110364	-3.15355	
4.78271	-0.0063072	0.109668	-3.15365	
4.78293	-0.00630739	0.108976	-3.15374	
4.78315	-0.00630759	0.108288	-3.15384	
4.78336	-0.00630778	0.107604	-3.15394	
4.78358	-0.00630796	0.106925	-3.15403	
4.78379	-0.00630815	0.10625	-3.15412	
4.784	-0.00630834	0.10558	-3.15421	
4.78421	-0.00630852	0.104913	-3.1543	
4.78442	-0.0063087	0.104251	-3.15439	
4.78463	-0.00630888	0.103593	-3.15448	
4.78484	-0.00630905	0.102939	-3.15457	
4.78504	-0.00630923	0.102289	-3.15466	
4.78525	-0.0063094	0.101644	-3.15474	
4.78545	-0.00630957	0.101002	-3.15483	
4.78565	-0.00630974	0.100364	-3.15491	
4.78585	-0.00630991	0.0997308	-3.15499	
4.78605	-0.00631007	0.0991012	-3.15508	
4.78625	-0.00631023	0.0984755	-3.15516	
4.78644	-0.0063104	0.0978538	-3.15524	
4.78664	-0.00631056	0.097236	-3.15532	
4.78683	-0.00631071	0.0966221	-3.1554	
4.78702	-0.00631087	0.096012	-3.15547	
4.78722	-0.00631102	0.0954058	-3.15555	
4.78741	-0.00631118	0.0948034	-3.15563	
4.78759	-0.00631133	0.0942048	-3.1557	
4.78778	-0.00631148	0.09361	-3.15578	
4.78797	-0.00631162	0.0930189	-3.15585	
4.78815	-0.00631177	0.0924315	-3.15592	
4.78834	-0.00631192	0.0918479	-3.15599	
4.78852	-0.00631206	0.0912679	-3.15606	
4.7887	-0.0063122	0.0906916	-3.15613	
4.78888	-0.00631234	0.0901189	-3.1562	
4.78906	-0.00631248	0.0895498	-3.15627	
4.78924	-0.00631261	0.0889842	-3.15634	
4.78942	-0.00631275	0.0884223	-3.15641	
4.7896	-0.00631288	0.0878639	-3.15647	
4.78977	-0.00631301	0.087309	-3.15654	
4.78995	-0.00631314	0.0867576	-3.1566	
4.79012	-0.00631327	0.0862097	-3.15667	
4.79029	-0.0063134	0.0856652	-3.15673	
4.79046	-0.00631353	0.0851241	-3.15679	
4.79063	-0.00631365	0.0845865	-3.15686	
4.7908	-0.00631377	0.0840523	-3.15692	
4.79097	-0.0063139	0.0835214	-3.15698	
4.79113	-0.00631402	0.0829938	-3.15704	
4.7913	-0.00631414	0.0824696	-3.1571	
4.79146	-0.00631425	0.0819487	-3.15716	
4.79163	-0.00631437	0.0814311	-3.15721	
4.79179	-0.00631449	0.0809167	-3.15727	
4.79195	-0.0063146	0.0804056	-3.15733	
4.79211	-0.00631471	0.0798977	-3.15738	
4.79227	-0.00631482	0.079393	-3.15744	
4.79243	-0.00631494	0.0788915	-3.1575	
4.79258	-0.00631504	0.0783932	-3.15755	
4.79274	-0.00631515	0.077898	-3.1576	
4.7929	-0.00631526	0.0774059	-3.15766	
4.79305	-0.00631536	0.0769169	-3.15771	
4.7932	-0.00631547	0.076431	-3.15776	
4.79336	-0.00631557	0.0759481	-3.15781	
4.79351	-0.00631567	0.0754683	-3.15786	
4.79366	-0.00631577	0.0749916	-3.15791	
4.79381	-0.00631587	0.0745178	-3.15796	
4.79396	-0.00631597	0.074047	-3.15801	
4.79411	-0.00631607	0.0735792	-3.15806	
4.79425	-0.00631617	0.0731143	-3.15811	
4.7944	-0.00631626	0.0726524	-3.15815	
4.79454	-0.00631636	0.0721934	-3.1582	
4.79469	-0.00631645	0.0717373	-3.15825	
4.79483	-0.00631654	0.071284	-3.15829	
4.79497	-0.00631663	0.0708336	-3.15834	
4.79511	-0.00631672	0.0703861	-3.15838	
4.79525	-0.00631681	0.0699414	-3.15843	
4.79539	-0.0063169	0.0694994	-3.15847	
4.79553	-0.00631699	0.0690603	-3.15851	
4.79567	-0.00631707	0.068624	-3.15856	
4.79581	-0.00631716	0.0681903	-3.1586	
4.79594	-0.00631724	0.0677595	-3.15864	
4.79608	-0.00631733	0.0673313	-3.15868	
4.79621	-0.00631741	0.0669059	-3.15872	
4.79635	-0.00631749	0.0664831	-3.15876	
4.79648	-0.00631757	0.066063	-3.1588	
4.79661	-0.00631765	0.0656455	-3.15884	
4.79674	-0.00631773	0.0652307	-3.15888	
4.79687	-0.00631781	0.0648185	-3.15892	
4.797	-0.00631788	0.0644089	-3.15896	
4.79713	-0.00631796	0.0640019	-3.159	
4.79726	-0.00631803	0.0635975	-3.15904	
4.79738	-0.00631811	0.0631956	-3.15907	
4.79751	-0.00631818	0.0627962	-3.15911	
4.79763	-0.00631825	0.0623994	-3.15915	
4.79776	-0.00631833	0.062005	-3.15918	
4.79788	-0.0063184	0.0616132	-3.15922	
4.79801	-0.00631847	0.0612238	-3.15925	
4.79813	-0.00631854	0.0608369	-3.15929	
4.79825	-0.00631861	0.0604524	-3.15932	
4.79837	-0.00631867	0.0600704	-3.15935	
4.79849	-0.00631874	0.0596907	-3.15939	
4.79861	-0.00631881	0.0593135	-3.15942	
4.79873	-0.00631887	0.0589386	-3.15945	
4.79884	-0.00631894	0.0585662	-3.15948	
4.79896	-0.006319	0.058196	-3.15952	
4.79908	-0.00631907	0.0578282	-3.15955	
4.79919	-0.00631913	0.0574627	-3.15958	
4.79931	-0.00631919	0.0570996	-3.15961	
4.79942	-0.00631925	0.0567387	-3.15964	
4.79953	-0.00631931	0.0563801	-3.15967	
4.79965	-0.00631937	0.0560237	-3.1597	
4.79976	-0.00631943	0.0556696	-3.15973	
4.79987	-0.00631949	0.0553178	-3.15976	
4.79998	-0.00631955	0.0549681	-3.15979	
4.80009	-0.0063196	0.0546207	-3.15982	
4.8002	-0.00631966	0.0542755	-3.15984	
4.8003	-0.00631972	0.0539324	-3.15987	
4.80041	-0.00631977	0.0535915	-3.1599	
4.80052	-0.00631983	0.0532528	-3.15993	
4.80063	-0.00631988	0.0529162	-3.15995	
4.80073	-0.00631993	0.0525817	-3.15998	
4.80084	-0.00631999	0.0522494	-3.16001	
4.80094	-0.00632004	0.0519191	-3.16003	
4.80104	-0.00632009	0.0515909	-3.16006	
4.80115	-0.00632014	0.0512648	-3.16008	
4.80125	-0.00632019	0.0509408	-3.16011	
4.80135	-0.00632024	0.0506188	-3.16013	
4.80145	-0.00632029	0.0502988	-3.16016	
4.80155	-0.00632034	0.0499809	-3.16018	
4.80165	-0.00632039	0.0496649	-3.16021	
4.80175	-0.00632044	0.049351	-3.16023	
4.80185	-0.00632048	0.049039	-3.16025	
4.80195	-0.00632053	0.048729	-3.16028	
4.80204	-0.00632058	0.048421	-3.1603	
4.80214	-0.00632062	0.0481149	-3.16032	
4.80224	-0.00632067	0.0478108	-3.16034	
4.80233	-0.00632071	0.0475085	-3.16037	
4.80243	-0.00632076	0.0472082	-3.16039	
4.80252	-0.0063208	0.0469098	-3.16041	
4.80261	-0.00632084	0.0466133	-3.16043	
4.80271	-0.00632089	0.0463186	-3.16045	
4.8028	-0.00632093	0.0460258	-3.16047	
4.80289	-0.00632097	0.0457348	-3.1605	
4.80298	-0.00632101	0.0454457	-3.16052	
4.80307	-0.00632105	0.0451584	-3.16054	
4.80316	-0.00632109	0.0448729	-3.16056	
4.80325	-0.00632113	0.0445893	-3.16058	
4.80334	-0.00632117	0.0443074	-3.1606	
4.80343	-0.00632121	0.0440273	-3.16061	
4.80352	-0.00632125	0.0437489	-3.16063	
4.8036	-0.00632129	0.0434723	-3.16065	
4.80369	-0.00632132	0.0431975	-3.16067	
4.80378	-0.00632136	0.0429244	-3.16069	
4.80386	-0.0063214	0.0426531	-3.16071	
4.80395	-0.00632143	0.0423834	-3.16073	
4.80403	-0.00632147	0.0421155	-3.16074	
4.80411	-0.00632151	0.0418492	-3.16076	
4.8042	-0.00632154	0.0415846	-3.16078	
4.80428	-0.00632158	0.0413217	-3.1608	
4.80436	-0.00632161	0.0410605	-3.16081	
4.80445	-0.00632164	0.0408009	-3.16083	
4.80453	-0.00632168	0.0405429	-3.16085	
4.80461	-0.00632171	0.0402866	-3.16086	
4.80469	-0.00632174	0.0400319	-3.16088	
4.80477	-0.00632177	0.0397788	-3.1609	
4.80485	-0.00632181	0.0395273	-3.16091	
4.80493	-0.00632184	0.0392774	-3.16093	
4.805	-0.00632187	0.0390291	-3.16094	
4.80508	-0.0063219	0.0387824	-3.16096	
4.80516	-0.00632193	0.0385372	-3.16097	
4.80524	-0.00632196	0.0382935	-3.16099	
4.80531	-0.00632199	0.0380514	-3.161	
4.80539	-0.00632202	0.0378108	-3.16102	
4.80546	-0.00632205	0.0375718	-3.16103	
4.80554	-0.00632208	0.0373342	-3.16105	
4.80561	-0.00632211	0.0370982	-3.16106	
4.80569	-0.00632213	0.0368636	-3.16107	
4.80576	-0.00632216	0.0366305	-3.16109	
4.80583	-0.00632219	0.0363989	-3.1611	
4.80591	-0.00632222	0.0361688	-3.16112	
4.80598	-0.00632224	0.0359401	-3.16113	
4.80605	-0.00632227	0.0357129	-3.16114	
4.80612	-0.0063223	0.0354871	-3.16116	
4.80619	-0.00632232	0.0352627	-3.16117	
4.80626	-0.00632235	0.0350398	-3.16118	
4.80633	-0.00632238	0.0348182	-3.16119	
4.8064	-0.0063224	0.0345981	-3.16121	
4.80647	-0.00632242	0.0343793	-3.16122	
4.80654	-0.00632245	0.0341619	-3.16123	
4.80661	-0.00632247	0.0339459	-3.16124	
4.80667	-0.0063225	0.0337313	-3.16125	
4.80674	-0.00632252	0.033518	-3.16127	
4.80681	-0.00632254	0.0333061	-3.16128	
4.80687	-0.00632257	0.0330955	-3.16129	
4.80694	-0.00632259	0.0328862	-3.1613	
4.80701	-0.00632261	0.0326783	-3.16131	
4.80707	-0.00632264	0.0324717	-3.16132	
4.80714	-0.00632266	0.0322663	-3.16133	
4.8072	-0.00632268	0.0320623	-3.16135	
4.80726	-0.0063227	0.0318596	-3.16136	
4.80733	-0.00632272	0.0316582	-3.16137	
4.80739	-0.00632274	0.031458	-3.16138	
4.80745	-0.00632277	0.0312591	-3.16139	
4.80752	-0.00632279	0.0310614	-3.1614	
4.80758	-0.00632281	0.030865	-3.16141	
4.80764	-0.00632283	0.0306698	-3.16142	
4.8077	-0.00632285	0.0304759	-3.16143	
4.80776	-0.00632287	0.0302832	-3.16144	
4.80782	-0.00632289	0.0300917	-3.16145	
4.80788	-0.00632291	0.0299014	-3.16146	
4.80794	-0.00632292	0.0297124	-3.16147	
4.808	-0.00632294	0.0295245	-3.16148	
4.80806	-0.00632296	0.0293378	-3.16149	
4.80812	-0.00632298	0.0291523	-3.16149	
4.80818	-0.006323	0.028968	-3.1615	
4.80823	-0.00632302	0.0287848	-3.16151	
4.80829	-0.00632303	0.0286028	-3.16152	
4.80835	-0.00632305	0.0284219	-3.16153	
4.8084	-0.00632307	0.0282422	-3.16154	
4.80846	-0.00632309	0.0280636	-3.16155	
4.80852	-0.0063231	0.0278861	-3.16156	
4.80857	-0.00632312	0.0277098	-3.16156	
4.80863	-0.00632314	0.0275346	-3.16157	
4.80868	-0.00632315	0.0273605	-3.16158	
4.80874	-0.00632317	0.0271875	-3.16159	
4.80879	-0.00632319	0.0270156	-3.1616	
4.80885	-0.0063232	0.0268447	-3.1616	
4.8089	-0.00632322	0.026675	-3.16161	
4.80895	-0.00632323	0.0265063	-3.16162	
4.809	-0.00632325	0.0263387	-3.16163	
4.80906	-0.00632326	0.0261721	-3.16164	
4.80911	-0.00632328	0.0260066	-3.16164	
4.80916	-0.00632329	0.0258422	-3.16165	
4.80921	-0.00632331	0.0256788	-3.16166	
4.80926	-0.00632332	0.0255164	-3.16166	
4.80931	-0.00632334	0.025355	-3.16167	
4.80937	-0.00632335	0.0251947	-3.16168	
4.80942	-0.00632336	0.0250354	-3.16169	
4.80947	-0.00632338	0.0248771	-3.16169	
4.80951	-0.00632339	0.0247198	-3.1617	
4.80956	-0.0063234	0.0245634	-3.16171	
4.80961	-0.00632342	0.0244081	-3.16171	
4.80966	-0.00632343	0.0242538	-3.16172	
4.80971	-0.00632344	0.0241004	-3.16173	
4.80976	-0.00632346	0.023948	-3.16173	
4.80981	-0.00632347	0.0237965	-3.16174	
4.80985	-0.00632348	0.0236461	-3.16174	
4.8099	-0.0063235	0.0234965	-3.16175	
4.80995	-0.00632351	0.0233479	-3.16176	
4.80999	-0.00632352	0.0232003	-3.16176	
4.81004	-0.00632353	0.0230536	-3.16177	
4.81009	-0.00632354	0.0229078	-3.16177	
4.81013	-0.00632356	0.0227629	-3.16178	
4.81018	-0.00632357	0.022619	-3.16179	
4.81022	-0.00632358	0.022476	-3.16179	
4.81027	-0.00632359	0.0223338	-3.1618	
4.81031	-0.0063236	0.0221926	-3.1618	
4.81036	-0.00632361	0.0220523	-3.16181	
4.8104	-0.00632362	0.0219128	-3.16181	
4.81044	-0.00632363	0.0217742	-3.16182	
4.81049	-0.00632364	0.0216365	-3.16182	
4.81053	-0.00632366	0.0214997	-3.16183	
4.81057	-0.00632367	0.0213638	-3.16184	
4.81062	-0.00632368	0.0212287	-3.16184	
4.81066	-0.00632369	0.0210944	-3.16185	
4.8107	-0.0063237	0.020961	-3.16185	
4.81074	-0.00632371	0.0208285	-3.16186	
4.81078	-0.00632372	0.0206967	-3.16186	
4.81082	-0.00632373	0.0205659	-3.16187	
4.81087	-0.00632374	0.0204358	-3.16187	
4.81091	-0.00632375	0.0203066	-3.16187	
4.81095	-0.00632375	0.0201782	-3.16188	
4.81099	-0.00632376	0.0200505	-3.16188	
4.81103	-0.00632377	0.0199238	-3.16189	
4.81107	-0.00632378	0.0197978	-3.16189	
4.81111	-0.00632379	0.0196726	-3.1619	
4.81114	-0.0063238	0.0195481	-3.1619	
4.81118	-0.00632381	0.0194245	-3.16191	
4.81122	-0.00632382	0.0193017	-3.16191	
4.81126	-0.00632383	0.0191796	-3.16192	
4.8113	-0.00632383	0.0190583	-3.16192	
4.81134	-0.00632384	0.0189378	-3.16192	
4.81138	-0.00632385	0.018818	-3.16193	
4.81141	-0.00632386	0.018699	-3.16193	
4.81145	-0.00632387	0.0185808	-3.16194	
4.81149	-0.00632388	0.0184633	-3.16194	
4.81152	-0.00632388	0.0183465	-3.16194	
4.81156	-0.00632389	0.0182305	-3.16195	
4.8116	-0.0063239	0.0181152	-3.16195	
4.81163	-0.00632391	0.0180006	-3.16196	
4.81167	-0.00632391	0.0178868	-3.16196	
4.8117	-0.00632392	0.0177737	-3.16196	
4.81174	-0.00632393	0.0176613	-3.16197	
4.81178	-0.00632394	0.0175496	-3.16197	
4.81181	-0.00632394	0.0174386	-3.16197	
4.81184	-0.00632395	0.0173283	-3.16198	
4.81188	-0.00632396	0.0172187	-3.16198	
4.81191	-0.00632396	0.0171099	-3.16198	
4.81195	-0.00632397	0.0170017	-3.16199	
4.81198	-0.00632398	0.0168941	-3.16199	
4.81202	-0.00632399	0.0167873	-3.16199	
4.81205	-0.00632399	0.0166811	-3.162	
4.81208	-0.006324	0.0165756	-3.162	
4.81212	-0.00632401	0.0164708	-3.162	
4.81215	-0.00632401	0.0163667	-3.16201	
4.81218	-0.00632402	0.0162631	-3.16201	
4.81221	-0.00632402	0.0161603	-3.16201	
4.81225	-0.00632403	0.0160581	-3.16202	
4.81228	-0.00632404	0.0159565	-3.16202	
4.81231	-0.00632404	0.0158556	-3.16202	
